longitude latitude      vx+dvx       vy+dvy    cxy         w+dw         exx+dexx         exy+dexy         eyy+deyy         emax+demax       emin+demin        shr+dshr         azi+dazi        dilat+ddilat     dis.    weight    chisq   nsite
  deg       deg          mm/a         mm/a      /      nano-rad/a    nano-strain/a    nano-strain/a    nano-strain/a    nano-strain/a    nano-strain/a    nano-strain/a        degree       nano-strain/a    km        /         /       /
 101.000   31.000    14.9   0.2   -5.7   0.2   0.00    -0.9    1.9    -30.6     2.9      8.4     1.9     37.7     2.5     38.8     2.5    -31.7     2.9     35.2     1.9   -128.1      1.5      7.1     3.8     93.0    25.10   167.23    51
 101.500   31.000    13.1   0.2   -5.1   0.2   0.00    -4.2    1.9    -41.2     3.2     10.6     1.9     35.9     2.7     37.3     2.7    -42.6     3.2     40.0     2.1   -127.3      1.4     -5.3     4.1     91.0    24.33   169.30    58
 102.000   31.000    10.9   0.2   -4.5   0.2   0.00    -2.8    2.0    -47.4     3.4     11.1     2.0     24.5     2.9     26.2     2.8    -49.1     3.4     37.7     2.2   -126.4      1.6    -22.9     4.4     90.0    24.43   165.70    54
 102.500   31.000     9.0   0.2   -3.9   0.2   0.00     0.1    2.3    -36.5     3.6      9.7     2.3      9.7     3.2     11.6     3.1    -38.5     3.5     25.1     2.3   -123.6      2.7    -26.9     4.8     87.0    24.44   124.10    52
 103.000   31.000     7.8   0.2   -3.5   0.2  -0.00     3.6    2.4    -20.0     3.5      9.3     2.4     -1.3     3.4      2.5     3.5    -23.8     3.3     13.2     2.4   -112.6      5.4    -21.3     4.8     88.0    24.04    65.09    56
 103.500   31.000     7.0   0.2   -3.1   0.2   0.00     2.9    2.4    -13.4     3.4     10.0     2.4     -6.4     3.3      0.7     3.5    -20.5     3.2     10.6     2.4    -99.6      6.5    -19.8     4.8     92.0    24.00    37.90    49
 104.000   31.000     6.4   0.2   -2.7   0.2   0.00     0.1    2.1    -11.3     2.9      8.1     2.1     -5.1     2.9      0.5     2.9    -16.9     2.9      8.7     2.1   -100.4      6.8    -16.4     4.1     99.0    24.01    43.79    57
 104.500   31.000     5.9   0.2   -2.4   0.2   0.00    -0.9    1.8     -6.6     2.6      4.8     1.8     -2.4     2.5      0.8     2.5     -9.8     2.6      5.3     1.8   -101.8      9.6     -9.0     3.6    104.0    24.50    47.02    55
 105.000   31.000     5.6   0.2   -2.1   0.2   0.00    -0.5    1.6     -3.2     2.4      2.3     1.6     -0.4     2.2      0.9     2.2     -4.5     2.4      2.7     1.6   -105.7     16.9     -3.5     3.2    111.0    24.77    39.02    51
 105.500   31.000     5.5   0.2   -2.0   0.2   0.00    -0.5    1.4     -2.1     2.1      1.0     1.4      0.6     1.9      0.9     1.9     -2.4     2.1      1.7     1.4   -117.6     23.6     -1.5     2.8    123.0    24.34    30.62    58
 106.000   31.000     5.4   0.2   -1.9   0.2   0.00    -0.6    1.2     -1.8     1.8      0.4     1.2      0.8     1.6      0.8     1.6     -1.9     1.8      1.4     1.2   -125.7     24.9     -1.1     2.4    134.0    24.54    23.79    61
 106.500   31.000     5.3   0.2   -1.9   0.1  -0.00    -0.5    1.1     -1.7     1.6      0.3     1.1      0.6     1.5      0.6     1.5     -1.7     1.6      1.2     1.1   -128.5     26.5     -1.1     2.2    142.0    24.48    19.19    59
 107.000   31.000     5.2   0.2   -1.8   0.1   0.00    -0.4    1.0     -1.5     1.5      0.2     1.0      0.3     1.4      0.3     1.4     -1.5     1.5      0.9     1.0   -129.9     33.3     -1.2     2.1    149.0    24.03    16.20    58
 101.000   31.500    15.1   0.2   -3.7   0.2   0.00     0.4    1.6    -29.1     2.3      4.2     1.6     34.0     2.2     34.3     2.2    -29.4     2.3     31.9     1.6   -131.2      1.5      4.9     3.2    106.0    24.44   142.86    60
 101.500   31.500    13.5   0.2   -3.5   0.2   0.00     2.4    1.8    -34.9     2.7      6.5     1.8     30.7     2.5     31.3     2.5    -35.6     2.7     33.5     1.8   -129.4      1.6     -4.2     3.6     98.0    24.58   143.03    54
 102.000   31.500    11.6   0.2   -3.4   0.2  -0.00     8.7    2.0    -38.3     3.0      7.8     2.0     21.8     2.9     22.8     2.8    -39.3     3.0     31.1     2.0   -127.7      1.9    -16.5     4.1     94.0    24.39   127.12    60
 102.500   31.500     9.9   0.2   -3.4   0.2   0.00    14.2    2.3    -31.5     3.3      9.1     2.3      9.7     3.2     11.6     3.1    -33.4     3.3     22.5     2.3   -123.1      2.9    -21.8     4.5     92.0    24.37    88.40    56
 103.000   31.500     8.9   0.2   -3.5   0.2  -0.00    12.5    2.3    -19.7     3.2     10.9     2.3      1.6     3.1      6.1     3.2    -24.2     3.1     15.2     2.2   -112.2      4.3    -18.1     4.5     94.0    24.53    59.89    56
 103.500   31.500     8.1   0.2   -3.3   0.2  -0.00     7.8    2.1    -17.1     3.0     13.1     2.1     -0.9     2.9      6.4     3.0    -24.4     2.7     15.4     2.0   -105.8      3.9    -18.0     4.1     99.0    24.09    48.14    53
 104.000   31.500     7.3   0.2   -2.9   0.2   0.00     3.5    1.9    -17.4     2.7     12.3     1.9     -1.0     2.6      5.6     2.7    -24.0     2.5     14.8     1.8   -106.9      3.7    -18.4     3.8    103.0    24.38    53.99    57
 104.500   31.500     6.4   0.2   -2.5   0.2   0.00     0.3    1.7    -12.8     2.6      8.6     1.7      0.1     2.4      4.4     2.4    -17.1     2.5     10.8     1.8   -108.5      4.6    -12.7     3.5    106.0    24.63    63.49    59
 105.000   31.500     5.8   0.2   -2.1   0.2   0.00    -0.6    1.6     -6.8     2.5      4.6     1.6      1.7     2.2      3.8     2.3     -8.8     2.4      6.3     1.7   -111.2      7.3     -5.0     3.3    108.0    24.21    56.46    55
 105.500   31.500     5.5   0.2   -1.9   0.2   0.00    -0.4    1.5     -3.3     2.3      1.8     1.5      2.4     2.0      3.0     2.0     -3.9     2.3      3.4     1.5   -118.8     12.3     -0.9     3.0    114.0    24.53    38.63    54
 106.000   31.500     5.4   0.2   -1.9   0.2   0.00    -0.1    1.3     -2.5     2.0      0.6     1.3      1.8     1.8      1.9     1.8     -2.6     2.0      2.2     1.3   -127.1     16.6     -0.7     2.7    124.0    24.22    26.65    56
 106.500   31.500     5.3   0.2   -1.8   0.1   0.00    -0.0    1.2     -2.0     1.7      0.2     1.2      0.7     1.6      0.7     1.6     -2.0     1.7      1.4     1.2   -130.0     24.5     -1.3     2.4    134.0    24.25    20.25    60
 107.000   31.500     5.2   0.2   -1.8   0.1   0.00     0.0    1.1     -1.5     1.6      0.1     1.1     -0.2     1.6     -0.2     1.6     -1.5     1.6      0.7     1.1   -131.0     49.3     -1.7     2.2    138.0    24.17    16.15    57
 101.000   32.000    15.3   0.2   -2.1   0.2   0.00     2.4    1.5    -23.3     2.1      0.0     1.5     28.6     2.1     28.6     2.1    -23.3     2.1     25.9     1.5   -135.0      1.7      5.3     3.0    111.0    24.06   128.40    55
 101.500   32.000    14.1   0.2   -2.3   0.2   0.00     6.9    1.5    -24.7     2.2      2.0     1.5     23.3     2.1     23.3     2.1    -24.8     2.2     24.1     1.5   -132.7      1.8     -1.5     3.0    111.0    24.41   142.57    58
 102.000   32.000    12.8   0.2   -2.5   0.2  -0.00    12.8    1.6    -26.7     2.3      4.3     1.6     17.3     2.2     17.8     2.2    -27.1     2.4     22.4     1.6   -129.4      2.0     -9.4     3.2    106.0    24.55   117.77    60
 102.500   32.000    11.4   0.2   -2.9   0.2  -0.00    17.3    1.8    -25.9     2.6      7.0     1.8     12.6     2.5     13.9     2.4    -27.1     2.6     20.5     1.8   -125.0      2.5    -13.3     3.6    103.0    24.35    76.72    59
 103.000   32.000    10.3   0.2   -3.2   0.2   0.00    15.3    1.9    -22.4     2.7     10.5     1.9      9.4     2.6     12.5     2.6    -25.5     2.7     19.0     1.9   -118.3      2.8    -13.0     3.7    103.0    24.73    68.32    58
 103.500   32.000     9.3   0.2   -3.1   0.2   0.00     9.7    1.8    -21.5     2.6     12.9     1.8      7.4     2.6     12.3     2.6    -26.4     2.5     19.4     1.8   -114.0      2.8    -14.1     3.7    104.0    24.14    68.05    54
 104.000   32.000     8.3   0.2   -2.8   0.2  -0.00     5.3    1.8    -23.1     2.5     13.3     1.8      5.4     2.6     10.6     2.6    -28.3     2.4     19.5     1.8   -113.5      2.7    -17.7     3.6    103.0    24.09    63.64    53
 104.500   32.000     7.3   0.2   -2.4   0.2   0.00     1.9    1.7    -21.0     2.4     10.4     1.7      3.7     2.3      7.4     2.4    -24.8     2.3     16.1     1.7   -115.0      3.0    -17.4     3.4    106.0    24.62    71.14    61
 105.000   32.000     6.3   0.2   -2.0   0.2   0.00     0.1    1.7    -13.6     2.7      7.1     1.7      2.4     2.3      5.1     2.4    -16.3     2.6     10.7     1.8   -114.3      4.6    -11.1     3.5    104.0    24.02    64.03    56
 105.500   32.000     5.7   0.2   -1.8   0.2   0.00     0.3    1.5     -7.0     2.4      2.9     1.5      2.2     2.0      3.1     2.1     -7.9     2.3      5.5     1.6   -119.0      7.9     -4.8     3.1    110.0    24.04    50.97    59
 106.000   32.000     5.5   0.2   -1.7   0.2   0.00     0.8    1.4     -4.0     2.1      0.6     1.4      1.6     1.9      1.7     1.9     -4.1     2.1      2.9     1.4   -129.1     13.7     -2.4     2.8    116.0    24.27    34.65    55
 106.500   32.000     5.3   0.2   -1.8   0.2   0.00     0.9    1.2     -2.3     1.8     -0.2     1.2      0.0     1.7      0.0     1.7     -2.4     1.8      1.2     1.2     41.2     29.7     -2.3     2.5    127.0    24.05    24.87    56
 107.000   32.000     5.2   0.1   -1.9   0.1   0.00     0.9    1.2     -1.6     1.7     -0.2     1.2     -1.3     1.7     -1.2     1.7     -1.7     1.7      0.3     1.2     18.7    125.4     -2.9     2.4    129.0    24.97    20.15    55
 101.000   32.500    15.4   0.2   -0.7   0.2   0.00     2.7    1.5    -17.1     2.0     -4.7     1.5     22.4     2.1     23.0     2.1    -17.6     2.0     20.3     1.4     38.4      2.0      5.4     2.9    115.0    24.28   109.28    56
 101.500   32.500    14.5   0.2   -1.1   0.2   0.00     5.9    1.4    -17.8     2.0     -3.5     1.4     19.4     2.1     19.7     2.1    -18.1     2.0     18.9     1.4     39.6      2.2      1.6     2.9    116.0    24.01   122.62    58
 102.000   32.500    13.6   0.2   -1.6   0.2   0.00     9.2    1.5    -19.7     2.1     -1.6     1.5     16.9     2.1     17.0     2.1    -19.8     2.1     18.4     1.5     42.5      2.3     -2.8     3.0    113.0    24.09   119.06    58
 102.500   32.500    12.6   0.2   -2.1   0.2   0.00    10.5    1.5    -21.2     2.2      0.5     1.5     16.3     2.2     16.3     2.2    -21.2     2.2     18.8     1.5   -134.2      2.3     -4.9     3.1    111.0    24.33   115.07    58
 103.000   32.500    11.5   0.2   -2.4   0.2   0.00     9.4    1.6    -22.7     2.3      3.9     1.6     16.6     2.3     17.0     2.3    -23.1     2.3     20.0     1.6   -129.3      2.3     -6.0     3.3    109.0    24.45   110.59    59
 103.500   32.500    10.4   0.2   -2.5   0.2  -0.00     6.0    1.7    -24.9     2.4      6.7     1.7     15.8     2.4     16.9     2.4    -25.9     2.4     21.4     1.7   -125.9      2.2     -9.0     3.4    107.0    24.11   105.14    59
 104.000   32.500     9.3   0.2   -2.4   0.2  -0.00     3.1    1.8    -28.1     2.4      8.5     1.8     13.3     2.6     15.0     2.6    -29.8     2.4     22.4     1.8   -123.8      2.3    -14.8     3.5    100.0    24.11    89.91    55
 104.500   32.500     8.0   0.2   -2.1   0.2   0.00     1.6    1.8    -28.3     2.5      8.0     1.8      8.3     2.5      9.9     2.6    -30.0     2.4     20.0     1.8   -123.2      2.6    -20.1     3.5     99.0    24.01    74.04    51
 105.000   32.500     6.8   0.2   -1.8   0.2   0.00     0.9    1.7    -20.2     2.6      5.8     1.7      3.7     2.3      5.0     2.3    -21.6     2.5     13.3     1.7   -122.1      3.6    -16.5     3.4    103.0    24.39    68.61    56
 105.500   32.500     6.0   0.2   -1.7   0.2   0.00     1.3    1.6    -12.0     2.4      2.8     1.6      1.2     2.1      1.8     2.1    -12.6     2.4      7.2     1.6   -123.4      6.2    -10.8     3.2    107.0    24.28    56.25    54
 106.000   32.500     5.6   0.2   -1.7   0.2   0.00     2.0    1.4     -5.8     2.2      0.2     1.4     -0.3     2.0     -0.3     2.0     -5.8     2.2      2.7     1.5   -132.8     15.0     -6.1     3.0    110.0    24.07    40.85    57
 106.500   32.500     5.4   0.2   -1.8   0.2   0.00     2.4    1.3     -2.7     2.0     -0.9     1.3     -1.5     1.9     -1.0     1.9     -3.2     2.0      1.1     1.4     16.2     35.5     -4.2     2.8    114.0    24.12    29.12    54
 107.000   32.500     5.3   0.2   -1.9   0.1   0.00     2.1    1.2     -1.5     1.8     -0.6     1.2     -2.4     1.7     -1.2     1.8     -2.7     1.7      0.8     1.2    -18.2     45.9     -3.9     2.5    120.0    24.74    24.26    61
 101.000   33.000    15.0   0.2    0.3   0.2   0.00    -0.5    1.3    -14.2     1.8     -9.8     1.3     19.1     1.9     21.7     1.9    -16.9     1.8     19.3     1.3     29.7      1.9      4.9     2.6    124.0    24.47    87.81    58
 101.500   33.000    14.4   0.2   -0.1   0.2  -0.00     1.2    1.4    -14.0     1.9     -9.9     1.4     17.6     2.0     20.5     2.1    -16.8     1.9     18.6     1.4     29.0      2.1      3.7     2.8    118.0    24.17    97.62    56
 102.000   33.000    13.7   0.1   -0.7   0.2   0.00     1.6    1.4    -16.1     1.9     -8.9     1.4     17.7     2.0     20.0     2.1    -18.3     1.9     19.1     1.4     31.1      2.1      1.7     2.8    116.0    24.63   114.31    63
 102.500   33.000    12.9   0.2   -1.1   0.2   0.00     1.3    1.4    -18.7     2.0     -7.2     1.4     18.6     2.0     19.9     2.1    -20.0     2.0     20.0     1.4     34.4      2.1     -0.1     2.9    115.0    24.54   119.63    58
 103.000   33.000    12.0   0.2   -1.5   0.2  -0.00     0.2    1.5    -20.7     2.1     -5.1     1.5     19.8     2.1     20.4     2.1    -21.3     2.1     20.9     1.5     37.9      2.1     -0.9     3.0    112.0    24.39   116.60    59
 103.500   33.000    11.0   0.2   -1.6   0.2   0.00    -0.9    1.6    -24.2     2.2     -2.5     1.6     19.3     2.3     19.5     2.3    -24.3     2.2     21.9     1.6     41.7      2.1     -4.9     3.2    106.0    24.03   110.50    59
 104.000   33.000     9.8   0.2   -1.6   0.2  -0.00    -0.6    1.7    -28.1     2.2     -0.8     1.7     16.1     2.4     16.1     2.4    -28.1     2.2     22.1     1.6     44.0      2.2    -12.0     3.3    102.0    24.06   106.23    58
 104.500   33.000     8.5   0.2   -1.6   0.2   0.00     0.3    1.8    -29.0     2.3      0.2     1.8     10.6     2.4     10.6     2.4    -29.0     2.3     19.8     1.7   -134.7      2.5    -18.5     3.4     98.0    24.27    89.63    53
 105.000   33.000     7.2   0.2   -1.5   0.2   0.00     1.5    1.7    -23.2     2.5      1.2     1.7      4.9     2.4      5.0     2.4    -23.3     2.5     14.1     1.7   -132.6      3.6    -18.3     3.4     97.0    24.37    67.60    55
 105.500   33.000     6.2   0.2   -1.6   0.2   0.00     2.4    1.7    -14.8     2.5      1.0     1.7      0.8     2.3      0.8     2.3    -14.9     2.5      7.9     1.7   -131.5      6.2    -14.0     3.4     96.0    24.25    48.37    57
 106.000   33.000     5.6   0.2   -1.7   0.2  -0.00     3.5    1.6     -7.7     2.4     -0.4     1.6     -1.4     2.2     -1.3     2.2     -7.7     2.4      3.2     1.6     41.8     14.5     -9.0     3.3     98.0    24.85    40.15    55
 106.500   33.000     5.4   0.2   -1.9   0.2   0.00     3.8    1.5     -2.7     2.2     -1.4     1.5     -2.0     2.1     -0.9     2.2     -3.8     2.1      1.4     1.5      8.0     30.6     -4.7     3.0    102.0    24.25    32.76    58
 107.000   33.000     5.4   0.1   -2.1   0.1   0.00     3.4    1.4     -0.8     2.0     -1.1     1.4     -2.1     2.0     -0.1     2.0     -2.7     2.0      1.3     1.4    -14.4     31.5     -2.9     2.9    105.0    24.27    27.53    60
 101.000   33.500    14.1   0.2    1.3   0.2   0.00    -3.5    1.2    -13.6     1.7    -13.3     1.2     18.0     1.7     22.9     1.7    -18.4     1.7     20.7     1.2     25.0      1.6      4.4     2.4    128.0    24.18    62.03    59
 101.500   33.500    13.6   0.1    0.9   0.2   0.00    -3.2    1.3    -13.1     1.8    -13.9     1.3     18.2     1.8     23.4     1.8    -18.4     1.7     20.9     1.3     24.2      1.7      5.1     2.5    123.0    24.28    65.62    55
 102.000   33.500    13.0   0.1    0.4   0.1   0.00    -3.6    1.3    -14.4     1.9    -13.5     1.3     18.3     1.8     23.2     1.9    -19.3     1.8     21.2     1.3     25.3      1.8      3.9     2.6    120.0    24.33    72.49    58
 102.500   33.500    12.3   0.1   -0.1   0.1   0.00    -4.7    1.4    -16.6     2.0    -12.4     1.4     18.6     1.9     22.5     1.9    -20.5     1.9     21.5     1.4     27.5      1.8      1.9     2.7    113.0    25.16    74.86    59
 103.000   33.500    11.6   0.2   -0.4   0.2   0.00    -5.7    1.5    -18.3     2.1    -11.1     1.5     18.3     2.1     21.4     2.1    -21.3     2.1     21.4     1.5     29.4      2.0      0.0     3.0    105.0    24.27    71.77    57
 103.500   33.500    10.7   0.2   -0.6   0.2  -0.00    -5.1    1.6    -20.4     2.2     -9.5     1.6     16.5     2.3     18.8     2.3    -22.7     2.2     20.7     1.6     31.4      2.2     -3.9     3.2    100.0    24.05    84.48    57
 104.000   33.500     9.7   0.2   -0.8   0.2  -0.00    -2.6    1.7    -24.2     2.3     -8.3     1.7     13.3     2.4     15.0     2.5    -26.0     2.3     20.5     1.7     33.1      2.4    -10.9     3.4     96.0    24.23    93.39    54
 104.500   33.500     8.4   0.2   -1.0   0.2   0.00     0.8    1.8    -26.8     2.4     -6.2     1.8      8.2     2.6      9.2     2.5    -27.9     2.5     18.6     1.8     35.3      2.8    -18.6     3.5     91.0    24.47    78.80    54
 105.000   33.500     7.2   0.2   -1.3   0.2   0.00     2.5    1.8    -22.1     2.5     -3.5     1.8      4.1     2.6      4.5     2.5    -22.5     2.6     13.5     1.8     37.4      3.9    -18.0     3.6     89.0    24.50    55.85    59
 105.500   33.500     6.3   0.2   -1.5   0.2   0.00     3.5    1.8    -14.5     2.6     -1.5     1.8      0.7     2.6      0.8     2.5    -14.6     2.6      7.7     1.8     39.6      6.7    -13.8     3.6     87.0    24.46    39.53    56
 106.000   33.500     5.8   0.1   -1.7   0.1   0.00     4.3    1.7     -7.7     2.4     -0.3     1.7     -0.3     2.5     -0.3     2.5     -7.7     2.4      3.7     1.7     43.0     13.4     -8.0     3.5     89.0    24.34    35.82    59
 106.500   33.500     5.5   0.1   -1.9   0.1   0.00     4.8    1.7     -2.6     2.4     -0.5     1.7      0.4     2.5      0.5     2.5     -2.7     2.4      1.6     1.7     36.3     30.1     -2.2     3.4     90.0    24.28    31.21    55
 107.000   33.500     5.5   0.1   -2.2   0.1   0.00     4.2    1.6     -0.7     2.2     -1.0     1.6      1.0     2.3      1.5     2.3     -1.1     2.2      1.3     1.6     20.2     35.2      0.4     3.2     95.0    24.17    25.05    61
 101.000   34.000    13.1   0.1    2.3   0.1   0.00    -5.2    1.1    -13.6     1.6    -14.8     1.1     17.2     1.6     23.2     1.6    -19.5     1.6     21.3     1.1     23.0      1.5      3.6     2.3    128.0    24.47    46.49    57
 101.500   34.000    12.5   0.1    1.8   0.1   0.00    -4.7    1.2    -12.7     1.7    -15.2     1.2     17.8     1.7     24.1     1.7    -19.0     1.7     21.6     1.2     22.6      1.6      5.1     2.4    123.0    24.15    44.92    59
 102.000   34.000    12.0   0.1    1.4   0.1   0.00    -4.9    1.3    -13.4     2.0    -15.5     1.3     18.0     1.8     24.3     1.9    -19.7     1.9     22.0     1.3     22.7      1.8      4.6     2.7    114.0    24.10    43.09    55
 102.500   34.000    11.3   0.1    0.9   0.1  -0.00    -5.1    1.4    -14.7     2.1    -14.3     1.4     16.4     2.0     22.0     2.0    -20.3     2.0     21.1     1.4     23.6      1.9      1.7     2.9    107.0    24.12    47.42    61
 103.000   34.000    10.6   0.1    0.5   0.1   0.00    -5.2    1.5    -15.5     2.2    -13.0     1.5     13.5     2.2     18.5     2.2    -20.4     2.2     19.5     1.5     24.1      2.3     -2.0     3.1     99.0    24.17    50.02    54
 103.500   34.000     9.9   0.1    0.2   0.1  -0.00    -4.0    1.6    -16.4     2.1    -11.5     1.6     10.5     2.3     14.7     2.3    -20.6     2.2     17.7     1.6     24.7      2.6     -5.9     3.1     98.0    24.48    60.75    59
 104.000   34.000     9.1   0.2   -0.1   0.2   0.00    -1.0    1.8    -18.8     2.5    -10.5     1.8      6.9     2.7     10.7     2.7    -22.6     2.5     16.6     1.8     25.3      3.2    -11.9     3.6     86.0    24.37    60.94    57
 104.500   34.000     8.1   0.2   -0.6   0.1   0.00     2.7    1.9    -22.8     2.7     -8.6     1.9      4.9     2.8      7.4     2.8    -25.3     2.7     16.3     1.9     29.1      3.4    -17.9     3.8     82.0    24.46    48.11    55
 105.000   34.000     7.1   0.2   -1.1   0.1   0.00     4.1    2.0    -19.9     2.9     -5.9     2.0      3.2     2.8      4.7     2.8    -21.4     2.9     13.0     2.0     31.4      4.4    -16.7     4.0     78.0    24.08    35.65    51
 105.500   34.000     6.4   0.1   -1.5   0.1  -0.00     4.1    1.9    -11.9     2.7     -3.2     1.9      1.5     2.7      2.2     2.7    -12.6     2.7      7.4     1.9     32.3      7.4    -10.4     3.8     79.0    24.06    33.35    60
 106.000   34.000     6.0   0.1   -1.7   0.1   0.00     3.7    1.8     -5.7     2.6     -0.4     1.8      0.2     2.6      0.2     2.6     -5.7     2.6      3.0     1.9     41.6     17.9     -5.6     3.7     78.0    25.04    29.86    55
 106.500   34.000     5.8   0.1   -1.9   0.1  -0.00     3.9    1.8     -2.7     2.5     -0.2     1.8     -0.1     2.5     -0.1     2.5     -2.7     2.5      1.3     1.8     41.2     39.5     -2.8     3.5     83.0    24.34    22.98    57
 107.000   34.000     5.7   0.1   -2.1   0.1   0.00     3.7    1.8     -1.7     2.5     -1.1     1.8      0.1     2.5      0.6     2.5     -2.2     2.5      1.4     1.8     19.7     35.6     -1.5     3.5     84.0    24.19    18.73    56
 101.000   34.500    12.0   0.1    3.2   0.1   0.00    -5.2    1.2    -12.3     1.6    -14.5     1.2     14.6     1.7     20.9     1.7    -18.7     1.6     19.8     1.2     21.4      1.7      2.2     2.3    124.0    24.59    56.00    60
 101.500   34.500    11.4   0.1    2.8   0.1   0.00    -3.6    1.2    -11.4     1.7    -14.8     1.2     15.1     1.8     21.7     1.7    -17.9     1.8     19.8     1.2     20.9      1.8      3.7     2.5    118.0    24.59    51.08    61
 102.000   34.500    10.9   0.1    2.3   0.1   0.00    -1.9    1.4    -11.0     2.0    -14.9     1.4     14.5     1.9     21.4     1.9    -17.9     2.0     19.6     1.4     20.3      2.0      3.5     2.8    110.0    24.50    48.90    60
 102.500   34.500    10.3   0.1    1.7   0.1   0.00    -0.7    1.5    -11.3     2.2    -14.1     1.5     12.4     2.1     18.9     2.1    -17.9     2.2     18.4     1.5     20.0      2.3      1.0     3.0    103.0    24.50    45.74    57
 103.000   34.500     9.8   0.1    1.1   0.1   0.00    -0.3    1.5    -11.9     2.2    -11.8     1.5      9.0     2.2     14.3     2.2    -17.2     2.2     15.8     1.5     20.8      2.8     -2.8     3.1     97.0    24.79    42.78    56
 103.500   34.500     9.2   0.1    0.7   0.1  -0.00     0.1    1.7    -12.6     2.3    -10.0     1.7      6.2     2.4     10.5     2.3    -16.9     2.3     13.7     1.7     21.6      3.4     -6.4     3.3     90.0    24.46    37.81    59
 104.000   34.500     8.5   0.1    0.2   0.1  -0.00     1.4    1.8    -14.9     2.5     -9.5     1.8      4.7     2.6      8.5     2.6    -18.8     2.5     13.6     1.8     23.0      3.8    -10.3     3.6     84.0    24.48    36.89    56
 104.500   34.500     7.8   0.1   -0.3   0.1  -0.00     3.5    2.0    -18.6     2.9     -9.1     2.0      4.5     2.8      7.7     2.8    -21.7     2.8     14.7     2.0     25.8      4.0    -14.0     4.0     77.0    24.26    31.46    55
 105.000   34.500     7.0   0.1   -0.9   0.1   0.00     5.1    2.0    -15.9     2.9     -6.8     2.0      4.0     2.8      6.1     2.9    -18.1     2.9     12.1     2.0     27.7      4.8    -12.0     4.1     74.0    24.67    25.14    55
 105.500   34.500     6.4   0.1   -1.4   0.1   0.00     5.3    2.0     -8.9     2.9     -4.4     2.0      2.4     2.9      3.9     3.0    -10.4     2.8      7.2     2.0     26.2      8.2     -6.5     4.1     72.0    24.69    19.93    60
 106.000   34.500     6.1   0.1   -1.7   0.1   0.00     3.7    2.0     -4.2     2.8     -2.4     2.0     -0.1     2.9      1.0     2.9     -5.2     2.8      3.1     2.0     20.5     18.3     -4.2     4.0     74.0    24.77    18.01    61
 106.500   34.500     5.9   0.1   -2.0   0.1   0.00     2.8    1.9     -3.1     2.7     -1.8     1.9     -1.9     2.8     -0.6     2.7     -4.4     2.7      1.9     1.9      9.7     29.3     -5.0     3.8     76.0    24.78    15.65    58
 107.000   34.500     5.8   0.1   -2.2   0.1  -0.00     1.8    1.9     -3.5     2.7     -2.2     1.9     -1.8     2.8     -0.2     2.7     -5.0     2.8      2.4     1.9     10.5     23.3     -5.2     3.9     77.0    24.40    15.65    57
 101.000   35.000    10.9   0.1    3.9   0.1   0.00    -3.7    1.3     -9.4     1.7    -13.0     1.3      8.3     1.8     15.1     1.8    -16.2     1.7     15.7     1.2     17.2      2.3     -1.1     2.5    118.0    24.40    66.73    57
 101.500   35.000    10.4   0.1    3.5   0.1   0.00    -0.8    1.3     -8.4     1.8    -12.7     1.3      8.5     1.9     15.3     1.9    -15.2     1.9     15.3     1.3     16.7      2.5      0.1     2.7    113.0    24.24    60.38    62
 102.000   35.000    10.0   0.1    3.0   0.1   0.00     2.8    1.5     -7.2     2.2    -13.1     1.5      8.6     2.1     16.0     2.1    -14.6     2.2     15.3     1.5     15.5      2.8      1.4     3.0    102.0    24.48    45.34    52
 102.500   35.000     9.7   0.1    2.3   0.1   0.00     4.6    1.6     -7.5     2.3    -12.5     1.6      8.7     2.3     15.4     2.3    -14.3     2.3     14.9     1.6     16.5      3.1      1.2     3.2     95.0    24.70    39.69    52
 103.000   35.000     9.3   0.1    1.6   0.1   0.00     4.6    1.6     -8.9     2.3     -9.7     1.6      7.1     2.3     11.7     2.3    -13.5     2.3     12.6     1.6     19.7      3.7     -1.7     3.3     92.0    24.28    39.58    52
 103.500   35.000     8.8   0.1    1.0   0.1  -0.00     4.4    1.6    -10.8     2.3     -7.6     1.6      5.2     2.4      8.3     2.4    -13.8     2.3     11.1     1.7     23.1      4.2     -5.6     3.3     90.0    24.19    41.24    58
 104.000   35.000     8.2   0.2    0.4   0.1   0.00     4.9    1.8    -12.9     2.5     -6.7     1.8      3.4     2.6      5.8     2.5    -15.3     2.5     10.6     1.8     25.2      4.9     -9.6     3.6     83.0    24.46    39.33    53
 104.500   35.000     7.6   0.1   -0.1   0.1   0.00     6.1    2.0    -14.2     2.8     -6.8     2.0      2.8     2.8      5.2     2.8    -16.6     2.8     10.9     2.0     25.6      5.2    -11.3     4.0     76.0    24.76    31.28    61
 105.000   35.000     6.9   0.1   -0.7   0.1   0.00     8.1    2.2    -11.8     3.1     -6.1     2.2      2.0     3.1      4.3     3.1    -14.1     3.1      9.2     2.2     24.3      6.9     -9.8     4.4     68.0    24.06    15.77    58
 105.500   35.000     6.4   0.1   -1.3   0.1   0.00     7.6    2.2     -8.1     3.1     -4.6     2.2     -0.4     3.2      1.8     3.2    -10.3     3.1      6.0     2.2     19.9     10.6     -8.5     4.4     66.0    24.63    11.56    56
 106.000   35.000     6.1   0.1   -1.8   0.1   0.00     4.4    2.2     -4.9     3.1     -3.9     2.2     -2.3     3.1      0.5     3.2     -7.7     3.1      4.1     2.2      9.0     15.5     -7.2     4.4     67.0    24.80    13.92    58
 106.500   35.000     5.9   0.1   -2.1   0.1  -0.00     1.9    2.3     -4.4     3.2     -3.7     2.3     -3.0     3.2      0.0     3.1     -7.5     3.3      3.7     2.3      5.4     17.3     -7.5     4.5     67.0    24.57    12.81    50
 107.000   35.000     5.6   0.1   -2.2   0.1   0.00    -1.0    2.0     -6.4     2.7     -3.4     2.0     -1.3     2.9      0.4     2.8     -8.1     2.8      4.3     2.0     18.3     13.4     -7.7     4.0     75.0    24.38    14.50    57
 101.000   35.500    10.0   0.1    4.3   0.1   0.00    -1.4    1.4     -5.2     1.9    -10.7     1.4     -0.1     2.0      8.4     1.9    -13.7     1.9     11.0     1.4      6.8      3.5     -5.3     2.7    108.0    24.23    54.92    58
 101.500   35.500     9.7   0.1    3.9   0.1  -0.00     2.1    1.5     -3.9     2.1    -10.3     1.5      0.0     2.1      8.5     2.0    -12.4     2.1     10.5     1.5      5.3      4.0     -3.8     2.9    102.0    24.03    53.26    55
 102.000   35.500     9.6   0.1    3.3   0.1  -0.00     5.1    1.5     -3.3     2.2    -10.1     1.5      2.0     2.1      9.7     2.1    -11.1     2.2     10.4     1.5      7.4      4.2     -1.4     3.0     99.0    24.35    59.44    53
 102.500   35.500     9.4   0.1    2.6   0.1   0.00     7.6    1.6     -3.8     2.4     -9.3     1.6      4.4     2.3     10.4     2.3     -9.8     2.3     10.1     1.6     11.9      4.6      0.6     3.3     91.0    24.16    57.78    55
 103.000   35.500     9.2   0.1    1.9   0.1   0.00     8.8    1.7     -5.2     2.4     -7.2     1.7      4.9     2.3      8.7     2.4     -9.0     2.3      8.8     1.7     17.6      5.5     -0.3     3.4     89.0    24.49    63.42    59
 103.500   35.500     8.9   0.1    1.2   0.1   0.00    10.0    1.8     -8.0     2.5     -4.2     1.8      3.5     2.5      4.9     2.5     -9.3     2.5      7.1     1.8     26.8      7.1     -4.4     3.6     85.0    24.19    67.05    58
 104.000   35.500     8.4   0.1    0.6   0.1   0.00    11.0    1.9    -11.7     2.5     -2.1     1.9      1.5     2.7      1.8     2.7    -12.0     2.6      6.9     1.9     36.1      7.7    -10.2     3.7     80.0    24.91    58.73    59
 104.500   35.500     7.8   0.1    0.0   0.1   0.00    11.6    2.0    -13.2     2.9     -2.4     2.0     -0.0     2.9      0.4     2.9    -13.7     2.9      7.0     2.0     35.0      8.3    -13.3     4.1     73.0    24.58    32.11    59
 105.000   35.500     7.2   0.1   -0.7   0.1  -0.00    12.5    2.3    -11.5     3.3     -4.6     2.3     -1.7     3.2      0.1     3.3    -13.3     3.3      6.7     2.3     23.5      9.8    -13.2     4.6     65.0    24.77    14.66    56
 105.500   35.500     6.7   0.1   -1.4   0.1   0.00     9.9    2.3    -11.7     3.2     -4.7     2.3     -3.4     3.3     -1.3     3.3    -13.8     3.2      6.3     2.3     20.7     10.4    -15.1     4.6     63.0    24.64    18.58    58
 106.000   35.500     6.1   0.1   -1.9   0.1   0.00     4.0    2.5     -9.9     3.6     -4.3     2.5     -3.1     3.5     -1.0     3.6    -12.0     3.6      5.5     2.5     19.0     13.1    -13.0     5.1     59.0    24.35    19.51    51
 106.500   35.500     5.8   0.1   -2.2   0.1   0.00    -0.4    2.3     -8.2     3.4     -4.4     2.3     -0.8     3.1      1.2     3.1    -10.3     3.4      5.8     2.3     20.1     11.5     -9.0     4.6     67.0    24.25    13.56    56
 107.000   35.500     5.4   0.1   -2.2   0.1   0.00    -2.7    1.9     -8.3     2.7     -3.2     1.9      1.2     2.7      2.1     2.6     -9.3     2.7      5.7     1.9     28.1      9.6     -7.2     3.8     75.0    24.18    10.83    59
 101.000   36.000     9.3   0.1    4.2   0.1   0.00     0.9    1.5     -0.7     2.1     -9.1     1.5     -6.5     2.1      6.0     2.1    -13.2     2.2      9.6     1.5     -8.8      4.5     -7.2     3.0    100.0    24.14    38.57    53
 101.500   36.000     9.3   0.1    3.7   0.1   0.00     2.8    1.6      0.6     2.2     -8.0     1.6     -6.7     2.2      5.8     2.2    -11.9     2.2      8.8     1.6    -12.4      5.1     -6.1     3.1     95.0    24.01    55.47    56
 102.000   36.000     9.4   0.1    3.2   0.1  -0.00     5.3    1.6      1.2     2.3     -7.0     1.6     -5.2     2.3      5.7     2.3     -9.7     2.3      7.7     1.6    -12.1      6.0     -4.0     3.3     92.0    24.07    77.21    55
 102.500   36.000     9.4   0.1    2.7   0.1  -0.00     7.2    1.6     -0.6     2.3     -6.9     1.6     -2.3     2.3      5.5     2.3     -8.4     2.3      6.9     1.6     -3.5      6.8     -2.9     3.3     90.0    24.53    97.72    60
 103.000   36.000     9.3   0.1    2.0   0.1   0.00     9.1    1.8     -1.6     2.5     -6.7     1.8      0.2     2.5      6.0     2.5     -7.5     2.5      6.8     1.8      3.8      7.5     -1.5     3.5     85.0    24.06   103.49    58
 103.500   36.000     9.2   0.1    1.3   0.1   0.00    10.3    1.9     -4.3     2.6     -5.6     1.9      1.0     2.6      4.5     2.6     -7.9     2.6      6.2     1.8     12.5      8.5     -3.4     3.7     82.0    24.30   109.57    55
 104.000   36.000     8.9   0.1    0.6   0.1   0.00    10.6    1.9    -11.3     2.6     -4.0     1.9      0.6     2.6      1.8     2.6    -12.6     2.6      7.2     1.8     28.1      7.4    -10.8     3.7     80.0    24.31    95.13    61
 104.500   36.000     8.3   0.1   -0.0   0.1  -0.00    12.1    2.0    -15.8     2.8     -3.2     2.0     -0.6     2.8      0.0     2.8    -16.4     2.8      8.2     2.0     33.6      6.8    -16.4     3.9     73.0    24.41    52.95    61
 105.000   36.000     7.7   0.1   -0.7   0.1   0.00    11.7    2.2    -16.8     3.1     -5.2     2.2     -0.3     3.0      1.2     3.0    -18.3     3.1      9.7     2.2     28.9      6.3    -17.1     4.3     68.0    24.52    39.37    60
 105.500   36.000     6.9   0.1   -1.5   0.1   0.00     7.0    2.3    -18.6     3.2     -6.0     2.3      2.0     3.2      3.6     3.2    -20.2     3.2     11.9     2.3     29.8      5.4    -16.6     4.5     65.0    24.44    46.67    57
 106.000   36.000     6.1   0.1   -2.0   0.1   0.00     0.3    2.5    -18.9     3.5     -6.0     2.5      4.1     3.5      5.6     3.5    -20.4     3.5     13.0     2.5     31.3      5.5    -14.8     5.0     61.0    24.43    38.20    47
 106.500   36.000     5.4   0.1   -2.1   0.1   0.00    -2.5    2.2    -11.4     3.3     -5.6     2.2      2.6     3.0      4.5     3.0    -13.3     3.2      8.9     2.2     25.8      7.1     -8.8     4.4     70.0    24.08    22.78    55
 107.000   36.000     5.1   0.1   -2.2   0.1   0.00    -2.6    1.8     -6.7     2.5     -3.4     1.8      1.0     2.5      2.2     2.6     -8.0     2.5      5.1     1.8     24.3     10.0     -5.8     3.6     80.0    24.07    15.79    55
 101.000   36.500     8.9   0.1    3.7   0.1   0.00     1.8    1.7      1.6     2.3     -9.1     1.7    -10.8     2.4      6.4     2.3    -15.6     2.4     11.0     1.7    -17.2      4.3     -9.2     3.3     92.0    24.56    33.33    52
 101.500   36.500     9.0   0.1    3.2   0.1   0.00     1.6    1.7      3.6     2.4     -8.4     1.7    -10.8     2.4      7.4     2.4    -14.6     2.4     11.0     1.7    -20.3      4.4     -7.2     3.4     89.0    24.14    58.66    56
 102.000   36.500     9.2   0.1    2.8   0.1   0.00     0.7    1.7      2.1     2.4     -8.4     1.7     -9.4     2.4      6.6     2.4    -13.9     2.4     10.2     1.7    -17.2      4.8     -7.3     3.4     88.0    24.48   102.12    57
 102.500   36.500     9.2   0.1    2.4   0.1   0.00     0.1    1.8     -1.6     2.5     -9.6     1.8     -6.7     2.5      5.8     2.5    -14.0     2.5      9.9     1.8     -7.4      5.1     -8.3     3.5     84.0    24.14   132.25    57
 103.000   36.500     9.1   0.1    1.9   0.1   0.00    -0.4    1.8     -3.4     2.5    -12.6     1.8     -3.0     2.5      9.4     2.5    -15.8     2.4     12.6     1.8      0.5      4.0     -6.4     3.5     84.0    24.25   134.28    58
 103.500   36.500     9.0   0.1    1.3   0.1   0.00    -0.6    1.8     -3.9     2.6    -14.8     1.8     -0.2     2.5     12.9     2.6    -17.0     2.5     14.9     1.8      3.6      3.5     -4.1     3.6     82.0    24.06   124.51    56
 104.000   36.500     8.8   0.1    0.7   0.1  -0.00    -0.4    1.9     -8.7     2.6    -14.6     1.9      1.6     2.6     11.9     2.6    -19.0     2.6     15.5     1.9      9.8      3.4     -7.1     3.7     79.0    24.49   117.34    57
 104.500   36.500     8.3   0.1    0.1   0.1   0.00    -0.0    2.0    -16.6     2.8    -13.4     2.0      3.9     2.8     10.5     2.7    -23.3     2.8     16.9     2.0     18.7      3.3    -12.8     3.9     75.0    24.42    94.97    59
 105.000   36.500     7.5   0.1   -0.5   0.1  -0.00    -1.4    2.1    -23.2     2.9    -13.0     2.1      8.2     2.9     12.9     2.9    -27.9     3.0     20.4     2.1     25.1      2.9    -15.0     4.1     71.0    24.51    73.08    57
 105.500   36.500     6.5   0.1   -1.0   0.1   0.00    -2.8    2.2    -24.3     3.1    -13.2     2.2     11.8     3.1     16.2     3.1    -28.6     3.1     22.4     2.2     26.9      2.8    -12.4     4.4     68.0    24.39    54.87    56
 106.000   36.500     5.5   0.1   -1.5   0.1   0.00    -1.7    2.2    -18.4     3.1    -12.4     2.2      9.9     3.1     14.5     3.1    -23.1     3.1     18.8     2.2     24.4      3.4     -8.5     4.4     67.0    24.01    41.35    52
 106.500   36.500     5.0   0.1   -1.9   0.1  -0.00    -0.6    1.9     -8.3     2.7     -8.6     1.9      4.1     2.6      8.5     2.6    -12.7     2.6     10.6     1.9     17.9      5.0     -4.2     3.7     80.0    24.49    35.56    60
 107.000   36.500     4.8   0.1   -2.1   0.1  -0.00    -0.4    1.8     -3.0     2.4     -5.2     1.8     -0.1     2.6      3.8     2.5     -6.9     2.5      5.4     1.8      7.6      9.5     -3.1     3.6     83.0    24.38    22.38    52
 101.000   37.000     8.4   0.1    3.1   0.1  -0.00    -1.2    1.8      1.1     2.6    -11.8     1.8    -10.4     2.6      8.5     2.6    -17.8     2.5     13.1     1.8    -12.9      4.0     -9.3     3.7     83.0    24.47    39.50    54
 101.500   37.000     8.4   0.1    2.7   0.1  -0.00    -4.0    1.8      1.7     2.7    -12.2     1.8     -8.4     2.6      9.8     2.7    -16.6     2.6     13.2     1.8    -11.2      4.0     -6.7     3.7     81.0    24.94    60.38    60
 102.000   37.000     8.4   0.1    2.4   0.1   0.00    -7.6    1.8     -2.7     2.5    -14.1     1.8     -7.0     2.5      9.4     2.5    -19.1     2.4     14.3     1.8     -4.4      3.5     -9.7     3.5     84.0    24.17    85.19    56
 102.500   37.000     8.2   0.1    2.1   0.1   0.00   -10.3    1.8     -6.6     2.5    -16.8     1.8     -5.6     2.5     10.7     2.5    -22.9     2.5     16.8     1.8      0.8      3.0    -12.2     3.5     84.0    24.07    89.54    58
 103.000   37.000     7.9   0.1    1.7   0.1   0.00   -11.2    1.8     -7.3     2.5    -20.0     1.8     -3.8     2.6     14.5     2.6    -25.6     2.6     20.1     1.8      2.5      2.6    -11.0     3.6     84.0    24.73    82.56    54
 103.500   37.000     7.6   0.1    1.3   0.1   0.00   -12.1    1.9     -5.6     2.6    -23.1     1.9     -1.5     2.8     19.6     2.7    -26.7     2.7     23.2     1.9      2.5      2.4     -7.1     3.8     82.0    24.31    72.66    51
 104.000   37.000     7.4   0.1    0.8   0.1   0.00   -12.7    2.0     -7.2     2.6    -23.6     2.0      2.1     2.9     21.5     2.8    -26.7     2.8     24.1     2.0      5.6      2.3     -5.1     3.9     80.0    24.71    76.18    52
 104.500   37.000     7.0   0.1    0.4   0.1  -0.00   -12.2    2.0    -13.4     2.7    -21.1     2.0      5.7     2.9     19.4     2.9    -27.0     2.8     23.2     2.0     12.2      2.5     -7.6     4.0     77.0    24.84    77.39    53
 105.000   37.000     6.3   0.1   -0.0   0.1  -0.00    -9.0    1.9    -17.8     2.6    -17.4     1.9      8.3     2.8     17.0     2.7    -26.6     2.6     21.8     1.9     18.4      2.5     -9.5     3.8     77.0    24.70    67.40    58
 105.500   37.000     5.5   0.1   -0.4   0.1  -0.00    -4.2    1.9    -16.6     2.7    -15.5     1.9      8.9     2.8     16.2     2.7    -23.9     2.7     20.0     1.9     19.7      2.8     -7.7     3.9     76.0    24.23    54.33    55
 106.000   37.000     4.8   0.1   -1.0   0.1   0.00     1.2    1.9    -10.5     2.7    -14.0     1.9      6.2     2.6     14.1     2.6    -18.4     2.7     16.3     1.9     15.5      3.3     -4.3     3.7     79.0    24.74    43.65    57
 106.500   37.000     4.6   0.1   -1.7   0.1   0.00     2.7    1.8     -3.9     2.6    -10.6     1.8      2.3     2.5     10.2     2.5    -11.9     2.6     11.0     1.8      8.1      4.6     -1.7     3.6     84.0    24.25    32.94    60
 107.000   37.000     4.5   0.1   -2.1   0.1   0.00     2.1    1.7      0.6     2.4     -6.7     1.7     -0.7     2.4      6.6     2.4     -6.8     2.4      6.7     1.7     -2.8      7.2     -0.2     3.4     88.0    24.07    21.29    53
