 NAH2  104.00500000  21.05900000     0.5  0.4    -2.9  0.4 0.0
 BAV1  105.37300000  21.09700000     0.1  0.8    -1.1  0.8 0.0
 TCO1  104.01100000  21.11300000     0.5  0.3    -2.5  0.3 0.0
 NOI1  104.17200000  21.13100000     1.8  0.2    -2.7  0.3 0.0
 MON1  104.24500000  21.18900000     2.0  0.2    -3.2  0.3 0.0
 SON1  105.18100000  21.19100000     0.7  0.8    -2.2  0.8 0.0
 CHE1  104.25700000  21.19200000     2.6  0.8    -3.2  0.5 0.0
 LOT1  104.06400000  21.20300000     1.6  0.2    -2.6  0.3 0.0
 NSA1  104.04400000  21.20400000     1.2  0.5    -2.2  0.4 0.0
 SOC1  105.82600000  21.30800000     0.8  0.8    -1.8  0.8 0.0
 DTB1  103.94200000  21.31200000     1.3  0.6    -2.3  0.5 0.0
 CMA1  103.58800000  21.31400000     0.8  0.7    -3.4  0.7 0.0
 HUN1  105.33000000  21.36100000     1.0  0.8    -1.7  0.8 0.0
 LAP1  105.03300000  21.38400000     0.8  0.8    -2.6  0.8 0.0
 TAM2  105.63800000  21.45500000     0.3  1.0    -2.2  1.0 0.0
 KINV   96.32300000  21.47300000    -6.2  1.9     1.7  1.8 0.0
 TPU1  104.03100000  21.47300000     2.2  0.3    -3.9  0.3 0.0
 NTH0  105.18600000  21.47500000     1.1  0.8    -2.3  0.8 0.0
 MLA1  104.02600000  21.48900000     1.8  0.7    -3.3  0.7 0.0
 H180  101.55000000  21.49300000    -2.5  1.1    -3.9  0.8 0.0
 NAN1  103.10800000  21.49700000     1.1  1.0    -3.1  0.6 0.0
 PLA1  103.63100000  21.54200000     1.1  0.6    -3.3  0.6 0.0
 TGA1  103.40500000  21.58200000     1.0  0.5    -3.1  0.7 0.0
 H181  100.67100000  21.58800000    -4.8  1.1    -5.1  2.2 0.0
 HB15  100.68200000  21.59400000    -4.7  0.8    -4.4  0.7 0.0
 NYAN   96.08100000  21.63600000    -3.4  2.1    13.7  2.0 0.0
 DOI0  105.20200000  21.67700000     1.5  1.1    -1.9  1.1 0.0
 NAM0  104.45800000  21.69100000     2.9  1.1    -2.3  1.0 0.0
 H326  100.04600000  21.70200000    -5.0  0.6    -1.7  0.7 0.0
 CUT1  103.66000000  21.75400000     1.6  0.9    -2.8  0.5 0.0
 LEM1  103.02900000  21.79200000     1.4  0.2    -4.4  0.2 0.0
 XUY0  105.73800000  21.84900000     2.8  1.1    -2.4  1.0 0.0
 OAN0  105.33600000  21.85300000     1.3  1.1    -1.9  1.1 0.0
 H176  101.35000000  21.88800000    -3.1  1.2    -3.8  1.1 0.0
 ZIBI   96.32100000  21.89000000    -6.8  1.7     3.2  1.6 0.0
 HAM1  103.23600000  21.93100000     1.6  0.5    -3.4  0.2 0.0
 YNMH  100.45100000  21.94800000    -3.4  0.0    -3.6  0.0 0.0
 HB14  100.43000000  21.98400000    -3.3  1.9    -4.9  1.9 0.0
 YANG   96.17200000  21.98900000    -6.9  0.9     6.8  0.9 0.0
 LEPA   96.01100000  22.00300000    -6.1  1.7    13.6  1.7 0.0
 H177  100.78600000  22.01300000    -3.7  0.8    -3.2  1.0 0.0
 YWEN   96.53500000  22.06000000    -7.6  1.5     0.6  1.5 0.0
 DON1  103.05100000  22.13100000     1.3  0.2    -4.3  0.1 0.0
 H178  100.10900000  22.22200000    -4.6  0.7    -3.9  0.6 0.0
 NGA1  103.24200000  22.26800000     1.3  0.3    -3.7  0.3 0.0
 H227   99.59200000  22.31200000    -6.6  0.5    -3.6  0.4 0.0
 KUNT   96.31700000  22.32400000    -8.4  1.7     4.8  1.7 0.0
 BODA   96.11100000  22.36000000    -6.6  1.8     7.4  1.8 0.0
 H350  101.55800000  22.37200000    -2.2  0.3    -3.7  0.4 0.0
 HB13  101.05900000  22.50000000    -4.2  0.3    -4.4  0.4 0.0
 H175  101.06300000  22.50700000    -3.6  0.6    -5.4  2.0 0.0
 H172  103.93000000  22.53000000     0.8  1.8    -0.8  1.1 0.0
 HB11  103.96600000  22.53200000    -0.2  0.7    -0.8  0.4 0.0
 JB42   99.91800000  22.55400000    -6.4  0.3    -2.8  0.3 0.0
 YNLA   99.95400000  22.56000000    -6.1  0.0    -2.5  0.0 0.0
 HB12  101.85700000  22.58600000    -2.1  0.6    -3.4  0.6 0.0
 H331  100.34600000  22.65600000    -3.7  0.4    -5.2  0.6 0.0
 H344  101.35400000  22.70700000    -3.5  0.6    -4.8  0.4 0.0
 H224   99.81200000  22.71200000    -6.4  0.3    -3.2  0.3 0.0
 H225   99.45400000  22.73800000    -5.0  0.7    -6.5  1.1 0.0
 JB39  101.05000000  22.74100000    -4.6  0.4    -4.8  0.3 0.0
 YNSM  101.04900000  22.74100000    -4.4  0.0    -4.7  0.0 0.0
 H173  103.22200000  22.77100000    -0.2  0.9    -0.1  1.2 0.0
 H339  100.95200000  22.77500000    -4.5  0.9    -5.5  0.4 0.0
 YNJP  103.23200000  22.78600000    -0.1  0.0    -0.4  0.0 0.0
 F361  104.82400000  22.95100000    -0.2  0.6     0.3  0.5 0.0
 H354  101.67400000  22.96500000    -4.9  0.8    -6.6  0.4 0.0
 H170  103.69400000  22.98200000    -0.7  0.5    -0.7  0.4 0.0
 H167  102.40100000  22.99600000    -1.1  0.7    -3.4  0.8 0.0
 H222   99.83400000  23.04500000    -7.1  0.8    -6.0  0.6 0.0
 H223   99.26000000  23.13500000    -8.6  0.6    -3.2  1.0 0.0
 HB10  103.12800000  23.14100000    -0.8  0.4    -1.4  0.4 0.0
 H166  102.83600000  23.22400000     3.0  0.7    -2.7  0.4 0.0
 H159  101.38900000  23.29000000    -5.8  0.7    -7.3  0.7 0.0
 HB08  101.36800000  23.29100000    -5.1  0.4    -7.2  0.4 0.0
 F081  104.27200000  23.35300000     0.3  0.8    -2.6  0.7 0.0
 YNMZ  103.40400000  23.35600000    -1.1  0.0    -1.1  0.0 0.0
 F077  105.83700000  23.36600000     0.1  0.7    -0.5  0.6 0.0
 H370  102.45800000  23.36600000    -1.5  0.3    -3.7  0.3 0.0
 H341  100.94600000  23.40500000    -5.4  0.4    -7.4  0.3 0.0
 YNMJ  101.67500000  23.41600000    -3.5  0.0    -6.7  0.0 0.0
 EM07  101.82200000  23.42100000    -3.3  1.0    -6.5  0.9 0.0
 H164  103.40400000  23.46600000    -1.9  0.5    -0.6  0.6 0.0
 H219   99.82700000  23.47000000    -7.7  0.3    -5.7  0.4 0.0
 H315   98.91000000  23.48700000    -8.8  0.4    -3.0  0.6 0.0
 H220   99.40400000  23.53600000    -8.3  1.1    -3.6  0.5 0.0
 YNGM   99.39200000  23.54600000    -8.6  0.0    -4.0  0.0 0.0
 H382  102.86000000  23.56900000    -2.8  0.4    -3.2  0.4 0.0
 EM06  101.99400000  23.59700000    -3.0  0.1    -7.8  0.1 0.0
 H157  101.99400000  23.59700000    -3.9  0.6    -7.9  0.7 0.0
 H163  100.11100000  23.59800000    -7.2  1.4    -7.4  1.0 0.0
 H221   99.17000000  23.62000000    -5.5  4.1    -3.0  2.2 0.0
 HB07  102.50100000  23.70400000    -3.3  0.9    -4.1  0.6 0.0
 H165  103.28400000  23.71200000     0.3  0.7    -0.5  0.5 0.0
 H156  102.49600000  23.71900000    -0.7  1.7    -6.8  1.4 0.0
 H320   99.59300000  23.74100000    -8.8  0.8    -5.1  0.6 0.0
 F366  105.20900000  23.75600000    -1.0  0.7     0.4  0.6 0.0
 H216   98.84000000  23.80100000    -9.1  0.5    -2.5  0.7 0.0
 H160  100.89500000  23.86800000    -5.6  0.5    -8.3  0.5 0.0
 YNLC  100.07600000  23.86800000    -6.5  0.0    -5.5  0.0 0.0
 H162  100.09000000  23.88100000    -7.9  0.3    -6.6  0.4 0.0
 H381  102.82900000  23.91600000    -1.4  0.7    -5.0  1.3 0.0
 PEIN   96.04300000  23.92900000    -2.8  1.2    16.2  1.2 0.0
 H364  102.22500000  23.94800000    -4.4  0.3    -6.9  0.4 0.0
 YNRL   97.84500000  24.00000000   -10.9  0.0    -1.1  0.0 0.0
 H215   99.24900000  24.00200000    -9.0  0.6    -4.0  0.5 0.0
 H152  101.09300000  24.02300000    -4.5  0.5    -7.4  0.3 0.0
 H151  101.97500000  24.07000000    -4.5  0.3    -7.5  0.4 0.0
 YNXP  101.90600000  24.10200000    -4.2  0.0    -7.9  0.0 0.0
 H154  103.42000000  24.10800000     0.6  0.3    -0.9  0.2 0.0
 HB06  102.82500000  24.10900000    -1.2  0.7    -4.1  0.4 0.0
 YNTH  102.75100000  24.11800000    -1.4  0.0    -4.7  0.0 0.0
 H385  102.98000000  24.15200000     4.1  1.5    -4.4  1.3 0.0
 KATH   96.32900000  24.17700000    -3.9  1.2     1.5  1.2 0.0
 EM01  102.40900000  24.18600000    -3.4  0.1    -8.4  0.1 0.0
 H150  102.43900000  24.18800000    -4.1  0.2    -8.2  0.3 0.0
 F358  104.24600000  24.24000000     0.5  0.4    -0.3  0.5 0.0
 H214   99.61800000  24.24100000    -7.6  0.4    -5.2  0.4 0.0
 H217   98.28700000  24.25600000    -9.8  0.4    -2.4  0.2 0.0
 H317   99.04800000  24.26700000    -8.6  0.3    -4.4  0.4 0.0
 F368  105.42600000  24.35400000     1.4  0.5    -0.7  0.4 0.0
 EM00  102.55600000  24.37100000    -3.3  1.0    -7.7  0.8 0.0
 H149  102.57700000  24.37500000    -3.7  0.8    -9.7  1.1 0.0
 H353  102.19100000  24.39100000    -3.9  0.4    -8.8  0.4 0.0
 YNML  103.38200000  24.39600000     1.1  0.0    -0.7  0.0 0.0
 H153  100.87600000  24.41700000    -5.9  0.6    -7.3  0.4 0.0
 H352  101.66300000  24.42800000    -4.1  0.6    -8.8  0.3 0.0
 YNJD  100.88100000  24.43700000    -5.1  0.0    -8.8  0.0 0.0
 H148  100.13600000  24.44500000    -6.2  0.4    -7.5  0.3 0.0
 H380  102.82900000  24.46800000    -2.5  0.4    -6.7  0.4 0.0
 H397  103.38900000  24.55700000    -0.3  0.5    -1.8  0.3 0.0
 H211   98.67500000  24.57700000    -6.7  1.6    -5.2  2.1 0.0
 HB19   98.68800000  24.58200000   -10.0  0.6    -3.8  0.5 0.0
 H209   99.90700000  24.62800000    -5.9  0.5    -8.2  0.3 0.0
 H335  100.72900000  24.64300000    -5.7  0.5    -7.8  0.9 0.0
 H145  102.15300000  24.67600000    -4.0  0.4    -9.9  0.4 0.0
 H374  102.56900000  24.67700000    -2.7  0.3    -8.8  0.2 0.0
 H144  102.92300000  24.67900000    -1.0  0.3    -5.6  0.3 0.0
 H146  101.63400000  24.68800000    -3.8  2.6    -5.4  1.2 0.0
 HB05  101.61100000  24.70800000    -4.8  0.4    -7.9  0.5 0.0
 H213   97.94300000  24.71200000   -10.7  0.4    -2.6  0.7 0.0
 YNSD   99.19000000  24.71300000    -7.7  0.0    -6.2  0.0 0.0
 H143  103.26100000  24.76900000     0.9  0.6    -4.3  0.7 0.0
 Y313  100.58000000  24.79000000    -4.6  0.9    -9.9  0.9 0.0
 H212   98.30300000  24.80800000    -9.8  0.2    -3.6  0.4 0.0
 H147  100.31400000  24.83700000    -5.1  0.5    -9.1  0.5 0.0
 H210   99.64300000  24.83800000    -6.7  0.4    -8.3  0.4 0.0
 H393  103.28700000  24.86900000    -0.5  0.5    -2.1  0.4 0.0
 H399  103.49300000  24.87600000    -0.1  0.2    -2.1  0.4 0.0
 F076  104.31100000  24.87900000    -0.6  0.3    -0.8  0.3 0.0
 H312   98.84600000  24.88400000   -10.3  0.7    -5.2  0.5 0.0
 H390  103.14300000  24.89600000    -1.5  0.7    -3.9  0.7 0.0
 H389  103.03500000  24.93600000    -0.8  0.4    -5.3  0.3 0.0
 H371  102.46300000  24.93900000    -2.5  0.5    -8.9  0.3 0.0
 YNTC   98.43800000  24.95500000   -10.2  0.0    -3.6  0.0 0.0
 H379  102.81400000  24.97600000    -2.2  0.9    -8.2  0.7 0.0
 H356  101.87800000  24.97800000    -4.0  0.4    -9.7  0.4 0.0
 H136  101.57300000  24.98500000    -3.5  0.9    -9.0  0.8 0.0
 F074  105.76600000  24.99000000     0.3  0.4    -0.7  0.4 0.0
 H360  102.11200000  25.01600000    -2.7  0.7    -9.6  0.9 0.0
 JB41   98.49800000  25.01800000    -9.5  0.2    -4.8  0.3 0.0
 KMIN  102.79800000  25.03000000    -1.1  0.3    -9.7  0.3 0.0
 H141  100.52200000  25.03700000    -4.3  0.4    -8.1  0.5 0.0
 YNCX  101.49300000  25.04900000    -2.9  0.0    -8.6  0.0 0.0
 H132  103.66800000  25.05600000    -0.2  0.3    -2.1  0.3 0.0
 H207   99.14800000  25.07000000    -7.7  0.3    -9.3  0.4 0.0
 F362  104.93400000  25.07300000     0.7  0.2    -0.9  0.5 0.0
 H392  103.26100000  25.13300000     0.6  0.6    -2.5  0.6 0.0
 H308   97.92800000  25.15100000   -13.3  0.6    -4.1  0.5 0.0
 H135  102.07100000  25.15500000    -3.3  0.3    -9.8  0.3 0.0
 H313   98.85100000  25.19500000   -11.0  1.1    -6.9  0.6 0.0
 H137  101.26500000  25.21300000    -3.1  0.6    -8.9  0.5 0.0
 H134  102.51700000  25.23700000    -0.5  0.5    -9.3  0.5 0.0
 MOGA   96.80600000  25.32500000    -6.2  1.2     0.8  1.2 0.0
 H140  100.49600000  25.34100000    -3.8  0.5    -8.5  0.4 0.0
 H351  101.56800000  25.34900000    -1.5  0.3    -8.5  0.4 0.0
 H388  103.03600000  25.35300000    -0.2  0.3    -6.7  0.4 0.0
 NAMT   97.02400000  25.35900000    -6.6  1.2     0.3  1.2 0.0
 H336  100.83100000  25.40000000    -3.7  0.5    -8.6  0.3 0.0
 MMMZ   97.45000000  25.43500000    -8.4  0.4    -0.6  0.3 0.0
 Y302  100.37000000  25.44000000    -5.0  0.9   -11.0  0.9 0.0
 Y307  100.57000000  25.44000000    -3.3  0.9    -8.8  0.8 0.0
 H309   98.19700000  25.45400000   -11.3  0.7    -4.0  0.4 0.0
 H205   99.53500000  25.46300000    -6.8  1.1    -7.1  1.1 0.0
 HB18   99.53900000  25.46600000    -7.9  1.0    -9.8  1.3 0.0
 H138  100.54800000  25.48200000    -2.7  0.5    -9.7  0.7 0.0
 H125  103.76900000  25.49500000    -0.3  0.2    -2.1  0.3 0.0
 BY07   99.74300000  25.52500000    -8.5  1.1    -9.5  0.7 0.0
 H128  102.50500000  25.57700000    -0.6  0.4    -9.4  0.4 0.0
 H126  103.24100000  25.60800000    -0.3  0.5    -4.9  0.2 0.0
 XIAG  100.25500000  25.60800000    -4.2  0.1    -9.3  0.0 0.0
 PHAK   96.31800000  25.61500000     1.6  1.2    16.0  1.2 0.0
 H362  102.20000000  25.61800000    -0.8  0.4    -9.3  0.2 0.0
 NAMY   96.56200000  25.62600000     1.1  1.2    15.4  1.1 0.0
 ZG02  103.80200000  25.63300000     2.8  1.7    -1.2  1.1 0.0
 H129  101.90200000  25.64200000    -0.2  0.2    -9.3  0.3 0.0
 H206   99.11000000  25.65200000    -8.1  0.3    -9.6  0.3 0.0
 YNYM  101.86100000  25.68900000    -0.5  0.0    -9.7  0.0 0.0
 H204   99.92400000  25.71600000    -6.5  0.3   -10.2  0.3 0.0
 YNYA  101.32700000  25.72400000    -1.3  0.0    -9.0  0.0 0.0
 H130  101.32000000  25.73200000    -1.4  0.2    -9.2  0.4 0.0
 F363  105.04600000  25.73900000    -0.5  0.6    -0.3  0.4 0.0
 EJ01  101.27000000  25.74000000     0.2  1.7    -8.4  1.3 0.0
 BY01  100.56000000  25.79700000    -2.6  0.1    -8.7  0.1 0.0
 H131  100.56000000  25.79700000    -2.9  0.2    -8.9  0.3 0.0
 H127  102.94100000  25.79800000     0.2  0.3    -8.6  0.3 0.0
 YNYL   99.37200000  25.88500000    -6.8  0.0    -9.0  0.0 0.0
 H398  103.44400000  25.88900000    -0.4  0.3    -2.5  0.3 0.0
 H202   99.37100000  25.89300000    -7.5  0.3    -9.0  0.8 0.0
 H124  100.09400000  25.97900000    -4.6  0.4   -10.7  0.5 0.0
 H203   98.81500000  25.98700000    -6.1  0.7    -7.9  0.3 0.0
 H121  102.53200000  26.00200000     1.1  0.3    -9.9  0.4 0.0
 H323   99.78900000  26.01700000    -4.4  0.7   -10.4  0.2 0.0
 H122  101.68300000  26.05000000     1.4  1.1   -11.2  0.7 0.0
 H120  103.16600000  26.10500000     0.9  0.3    -5.2  0.4 0.0
 YNDC  103.18100000  26.10800000     0.4  0.0    -4.3  0.0 0.0
 H340  100.93600000  26.14200000    -1.4  0.7    -9.4  0.3 0.0
 H201   99.98700000  26.14400000    -4.1  0.3   -11.5  0.3 0.0
 H123  100.59700000  26.21200000    -1.0  0.6   -10.0  0.3 0.0
 F357  104.08800000  26.25100000     0.6  0.4    -0.9  0.4 0.0
 F370  105.92900000  26.26100000     0.3  0.3    -0.5  0.2 0.0
 H328  100.17700000  26.26800000    -1.5  0.6    -9.8  0.3 0.0
 TANA   96.73000000  26.33200000     3.3  1.2    13.4  1.2 0.0
 H119  103.22700000  26.40500000     0.6  0.3    -4.4  0.5 0.0
 YNHZ  103.29200000  26.40800000     0.4  0.0    -3.4  0.0 0.0
 H334  100.68000000  26.44800000    -0.8  0.3   -10.1  0.3 0.0
 H198   99.93300000  26.45000000    -3.5  0.5   -11.3  0.3 0.0
 H199   99.43600000  26.46800000    -4.3  2.6   -11.0  0.8 0.0
 SCPZ  101.74400000  26.50300000     1.1  0.0   -10.1  0.0 0.0
 H116  101.74900000  26.50400000     1.6  0.3   -10.8  0.3 0.0
 H118  100.16100000  26.51400000     6.3  3.6   -11.2  1.6 0.0
 H200   98.92300000  26.54800000    -4.6  0.6    -8.1  0.5 0.0
 F080  104.92100000  26.56700000     0.7  0.3     0.2  0.4 0.0
 GZSC  104.86300000  26.58600000     0.2  0.0    -0.1  0.0 0.0
 H109  102.61100000  26.62000000     1.4  0.1   -10.2  0.4 0.0
 Y295   99.94000000  26.62000000    -3.4  0.9   -12.2  0.9 0.0
 H387  103.03600000  26.64200000     0.4  0.3    -5.6  0.3 0.0
 H117  100.75700000  26.66500000     1.4  0.5    -9.9  0.3 0.0
 H114  101.24500000  26.67700000     1.6  0.3   -10.2  0.4 0.0
 YNYS  100.75400000  26.68300000     1.0  0.0    -9.7  0.0 0.0
 H113  101.85500000  26.68900000     2.2  0.4   -10.3  0.5 0.0
 H110  102.26300000  26.69000000     1.3  0.3    -9.8  0.5 0.0
 YNLJ  100.02900000  26.69600000    -2.4  0.0   -11.3  0.0 0.0
 F356  103.93300000  26.70600000     0.1  0.4    -1.8  0.3 0.0
 H325   99.99800000  26.75900000    -2.7  0.5   -11.9  0.4 0.0
 H324   99.86200000  26.80700000    -2.8  0.4   -11.7  0.4 0.0
 H111  102.10000000  26.82600000     1.5  0.3   -11.7  0.5 0.0
 H396  103.37000000  26.87500000     2.8  2.1    -0.7  1.3 0.0
 JB38  100.16900000  26.88300000    -1.8  0.2   -13.0  0.3 0.0
 H197   98.87800000  26.90900000    -3.6  0.3    -8.1  0.2 0.0
 H108  102.90700000  26.93100000     1.0  0.2    -6.1  0.5 0.0
 H333  100.45500000  26.99900000     0.4  0.4   -10.9  0.4 0.0
 H346  101.38800000  27.04700000     2.3  0.5    -9.6  0.4 0.0
 H112  101.95900000  27.04900000     2.4  0.3   -10.1  0.4 0.0
 SCNN  102.71600000  27.05700000     2.6  0.0    -9.2  0.0 0.0
 H107  100.06500000  27.10900000    -1.2  0.6   -12.6  0.5 0.0
 H106  100.93400000  27.13800000     2.1  0.4   -10.1  0.5 0.0
 F369  105.61500000  27.15400000    -0.0  0.4     0.0  0.4 0.0
 H196   99.29300000  27.18000000    -2.5  0.9   -10.9  0.7 0.0
 H314   98.87300000  27.29700000    -1.1  0.9    -8.1  0.9 0.0
 Y293   99.14000000  27.31000000    -0.1  1.0   -10.2  0.9 0.0
 H195   99.64500000  27.31300000    -1.3  0.4   -11.8  0.3 0.0
 PUTA   97.40000000  27.35000000     3.6  1.2    -3.3  1.2 0.0
 H101  103.68700000  27.35600000     1.3  0.3    -1.4  0.3 0.0
 H102  102.54900000  27.37000000     3.2  0.7    -8.5  0.2 0.0
 JB37  101.51400000  27.42000000     3.1  0.2    -9.7  0.5 0.0
 SCYY  101.51300000  27.43200000     3.9  0.0   -10.1  0.0 0.0
 H103  102.18800000  27.45400000     2.9  0.5   -10.3  0.7 0.0
 H327  100.04600000  27.51100000     0.4  0.8   -12.2  0.4 0.0
 H104  101.71000000  27.53900000     3.4  0.4   -11.6  0.8 0.0
 Y319  101.31000000  27.59000000     6.2  0.8   -10.7  0.8 0.0
 H193   99.02700000  27.61100000    -0.0  0.5    -9.4  0.4 0.0
 H342  101.00000000  27.62300000     1.9  0.3   -12.5  0.4 0.0
 H369  102.41600000  27.62900000     3.3  0.6    -8.4  0.9 0.0
 H096  101.23800000  27.65600000     3.9  0.6   -11.1  0.5 0.0
 H349  101.45500000  27.66800000     4.7  0.5   -10.2  0.4 0.0
 H099  103.26900000  27.68400000    -0.8  0.3    -2.3  0.3 0.0
 H100  102.79000000  27.69300000     2.1  0.4    -5.2  0.4 0.0
 H097  100.65300000  27.74800000     3.0  0.3   -14.0  0.4 0.0
 H194   98.66800000  27.75900000     1.1  0.4    -7.9  0.4 0.0
 H359  102.15100000  27.75900000     3.8  0.2    -9.6  0.3 0.0
 H319   99.43300000  27.76400000     2.1  0.6    -9.8  0.4 0.0
 H098  103.89200000  27.76900000     0.1  0.5    -1.1  0.5 0.0
 GYAO  102.27000000  27.80000000     2.8  1.4    -9.7  1.3 0.0
 XICH  102.35000000  27.81000000     1.6  1.2    -8.8  1.2 0.0
 YNZD   99.69800000  27.82300000     0.7  0.1   -12.1  0.0 0.0
 H192   99.70800000  27.82900000     0.6  0.3   -12.5  0.4 0.0
 F364  105.03400000  27.84900000     0.0  0.3     0.0  0.3 0.0
 H367  102.41500000  27.87300000     2.2  0.5    -7.3  0.5 0.0
 H095  102.23200000  27.87500000     4.8  0.5    -9.3  0.3 0.0
 KAIY  102.11000000  27.88000000     4.3  1.1   -10.3  1.1 0.0
 H373  102.55900000  27.88300000     2.7  0.6    -6.5  0.3 0.0
 XC11  102.29000000  27.89000000     5.4  1.0    -8.4  1.0 0.0
 H376  102.71000000  27.94900000     3.0  0.5    -5.2  0.3 0.0
 H094  102.83300000  27.99900000     2.5  0.3    -4.1  0.4 0.0
 H394  103.43500000  28.09600000     0.0  0.7    -1.9  0.2 0.0
 H386  103.01600000  28.12100000     4.5  1.5    -2.7  1.7 0.0
 H337  100.92300000  28.12600000     3.1  0.3   -11.8  0.4 0.0
 H401  103.97000000  28.15500000     0.6  0.5     0.1  0.9 0.0
 SCJU  104.51600000  28.17900000     0.7  0.1     0.2  0.1 0.0
 H318   99.33900000  28.21800000     6.2  0.5    -8.9  0.3 0.0
 H357  101.86500000  28.23000000     3.3  0.6   -10.6  0.5 0.0
 H093  103.64000000  28.25100000    -0.0  1.0    -1.0  1.3 0.0
 H091  102.43700000  28.30000000     4.2  0.5    -5.4  0.4 0.0
 SCXD  102.43700000  28.30000000     3.9  0.0    -6.1  0.0 0.0
 H089  103.12100000  28.31200000    -0.8  1.0    -3.5  1.0 0.0
 H190   99.75700000  28.32000000     4.5  0.3   -10.7  0.5 0.0
 SCMN  102.17400000  28.33300000     4.2  0.0    -8.9  0.0 0.0
 H191   98.91500000  28.44200000     5.0  0.2    -8.9  0.4 0.0
 J394   97.05500000  28.45100000     9.7  1.9     2.1  1.1 0.0
 H378  102.65500000  28.46000000     3.0  0.4    -4.2  0.3 0.0
 H092  102.12600000  28.51500000     2.5  0.4    -9.2  0.4 0.0
 H330  100.34300000  28.55900000     4.3  0.5   -10.9  0.4 0.0
 H088  103.97800000  28.60500000    -0.8  0.2    -1.1  0.3 0.0
 H375  102.61500000  28.62600000     2.5  0.5    -4.6  0.3 0.0
 H358  101.95300000  28.63200000     4.4  0.5    -9.3  0.3 0.0
 SCYX  102.51100000  28.65100000     3.0  0.0    -5.5  0.0 0.0
 XZCY   97.46600000  28.66100000     7.0  0.0    -3.0  0.0 0.0
 H090  102.53200000  28.67200000     2.2  0.3    -6.2  0.4 0.0
 J398   97.46900000  28.72000000     6.6  0.9    -2.8  1.4 0.0
 H365  102.25000000  28.74600000     3.6  0.4    -6.7  0.5 0.0
 YBIN  104.60000000  28.80000000     1.3  1.1    -0.4  1.1 0.0
 SCMB  103.53400000  28.84000000     0.8  0.0    -0.3  0.0 0.0
 JB36  103.52600000  28.84300000     0.4  0.4    -1.2  0.5 0.0
 H188   99.25400000  28.84400000     6.1  0.3    -9.7  0.4 0.0
 H086  103.04300000  28.84700000     0.4  0.3    -1.5  0.4 0.0
 LUZH  105.41400000  28.87200000     2.0  0.2    -0.9  0.2 0.0
 Y285  102.30000000  28.90000000     4.6  0.9    -7.1  0.8 0.0
 SCXC   99.80300000  28.93700000     6.4  0.0    -9.9  0.0 0.0
 H087  102.76700000  28.95500000     1.3  0.2    -2.9  0.3 0.0
 HB04  103.89600000  28.95500000     0.1  0.3     0.1  0.3 0.0
 H083  101.51800000  28.96400000     3.7  0.3   -10.1  0.6 0.0
 J422   97.40300000  28.99200000     6.5  0.7    -2.7  0.9 0.0
 H189   99.74500000  29.00000000     6.4  0.4    -9.3  0.7 0.0
 SCJL  101.50000000  29.00800000     4.7  0.0   -10.0  0.0 0.0
 H366  102.33900000  29.13500000     2.5  0.7    -5.2  0.5 0.0
 GYX1   97.21700000  29.15300000     5.5  1.0    -4.5  0.8 0.0
 H080  100.12100000  29.17500000     6.2  0.3   -10.1  0.3 0.0
 H081  103.26100000  29.22800000     0.4  0.3    -0.7  0.3 0.0
 SCSM  102.35400000  29.22900000     3.2  0.0    -4.0  0.0 0.0
 H187   98.68700000  29.24400000     7.8  0.4    -7.3  0.2 0.0
 H082  102.43900000  29.26300000     4.5  0.5    -5.1  0.5 0.0
 J395   97.18100000  29.28200000     8.4  0.5    -2.5  0.4 0.0
 H347  101.50000000  29.33400000     4.0  0.4    -9.5  0.4 0.0
 H077  102.65500000  29.34800000     2.2  2.0    -3.8  0.8 0.0
 H400  103.82100000  29.37300000    -0.3  0.3     0.0  0.4 0.0
 JB50   96.86800000  29.39100000     9.7  0.2    -3.7  0.3 0.0
 H363  102.22800000  29.44900000     3.5  0.6    -4.4  0.6 0.0
 ROXI  104.43000000  29.46000000     1.0  1.3    -0.9  1.2 0.0
 LESH  103.76000000  29.56000000     0.4  1.1    -1.2  1.1 0.0
 H076  103.46800000  29.60200000    -0.6  0.5     0.2  0.4 0.0
 NEIJ  105.12000000  29.62000000     0.3  1.1    -1.4  1.1 0.0
 H070  104.07300000  29.65200000     0.1  0.3    -0.7  0.5 0.0
 H186   98.59900000  29.67100000     9.2  0.3    -5.4  0.4 0.0
 H078  102.08000000  29.68800000     4.1  0.4    -3.9  0.5 0.0
 H075  100.39000000  29.69500000     7.5  0.4    -9.3  0.4 0.0
 J012   97.99700000  29.70900000     8.6  0.2    -2.4  0.2 0.0
 H316   99.00000000  29.71500000     8.5  0.5    -5.7  0.3 0.0
 ZUG1   97.77800000  29.72700000     8.9  1.3    -5.9  1.1 0.0
 J389   96.09500000  29.75000000    10.8  0.5     2.3  0.6 0.0
 H072  102.81700000  29.78900000     1.5  0.6    -2.8  0.8 0.0
 H074  101.55800000  29.84600000     5.1  0.5    -9.9  0.4 0.0
 H073  102.29000000  29.84800000     1.1  0.4    -3.0  0.5 0.0
 F367  105.41200000  29.90100000    -0.9  0.3    -0.2  0.2 0.0
 NR03  100.10000000  29.91000000    11.4  1.1    -8.6  1.1 0.0
 H368  102.39000000  29.94100000     3.7  1.3    -2.4  1.0 0.0
 J423   97.51300000  29.95900000    10.5  0.4    -1.9  0.4 0.0
 H065  103.00300000  29.97500000     2.2  0.7    -3.0  0.9 0.0
 SCLT  100.21800000  29.99200000     8.8  0.0    -7.6  0.0 0.0
 JB40  100.27800000  29.99300000     8.4  0.3    -8.2  0.4 0.0
 Y273   99.11000000  30.01000000    10.2  0.9    -6.9  0.9 0.0
 J414  104.69800000  30.02900000    -0.7  0.2     0.0  0.3 0.0
 H377  102.75500000  30.04400000     0.5  0.5    -1.8  0.9 0.0
 H372  102.57800000  30.05000000     0.9  0.7    -2.0  0.7 0.0
 J393   96.88500000  30.05500000    11.2  0.4    -0.7  0.4 0.0
 H066  101.78800000  30.07400000     4.8  0.7    -5.6  1.3 0.0
 SCTQ  102.76500000  30.07400000     1.0  0.0    -1.6  0.0 0.0
 H067  101.48600000  30.07500000     7.1  0.3    -9.5  0.4 0.0
 H069   99.16800000  30.09400000     9.0  0.4    -5.0  0.2 0.0
 H361  102.18600000  30.10100000     1.6  0.7    -1.5  0.4 0.0
 H068  101.02300000  30.10600000     8.2  0.3    -8.8  0.5 0.0
 NR01  100.66000000  30.14000000     6.3  1.2    -9.3  1.1 0.0
 H391  103.21500000  30.14600000     0.4  0.8     0.2  0.7 0.0
 RENS  104.10000000  30.20000000     1.5  1.0    -1.8  1.0 0.0
 H061  102.84100000  30.25300000     2.0  1.1    -3.0  1.5 0.0
 HB17   99.53700000  30.28400000     9.9  0.3    -6.0  0.3 0.0
 H184   99.66700000  30.29400000    10.5  1.1    -7.6  2.7 0.0
 H079  101.52400000  30.32600000     7.7  0.4    -9.3  0.5 0.0
 QLAI  103.31000000  30.35000000     0.3  1.1    -1.3  1.1 0.0
 H071  104.53600000  30.37400000    -0.2  0.6    -0.3  0.9 0.0
 H060  103.41000000  30.41500000    -0.3  0.8    -2.6  1.7 0.0
 H402  104.09200000  30.43000000    -1.0  0.3    -0.1  0.4 0.0
 H329  100.32300000  30.46500000     9.4  0.7    -4.6  0.4 0.0
 JB35  101.49700000  30.49500000     8.1  0.8    -7.2  0.8 0.0
 SCSN  105.56200000  30.50800000    -0.5  0.5    -0.3  0.5 0.0
 J424   97.09700000  30.55400000    12.2  0.3    -0.2  0.3 0.0
 H343  101.06500000  30.57200000    10.9  0.7    -7.9  0.4 0.0
 H345  101.40400000  30.61200000    10.5  0.3    -6.3  0.5 0.0
 H059  103.86500000  30.69300000     2.9  1.9    -2.3  2.4 0.0
 HB03  103.57300000  30.71500000    -0.8  0.5    -1.2  0.5 0.0
 H058  104.07700000  30.73200000     0.3  0.4    -1.6  0.7 0.0
 J425   97.33700000  30.80800000    21.2  2.2     0.3  2.0 0.0
 WARI  101.13000000  30.88000000    10.2  1.2    -7.5  1.1 0.0
 PIXI  103.76000000  30.91000000     0.9  1.0    -1.8  1.0 0.0
 F359  104.52900000  30.91400000    -0.8  0.3     0.1  0.5 0.0
 H063  100.30700000  30.92500000    11.4  0.6    -6.4  0.3 0.0
 H052  101.86600000  30.94900000     9.0  2.5    -1.9  0.8 0.0
 H053  101.16300000  30.95500000     7.7  0.6    -3.6  0.6 0.0
 SCDF  101.12300000  30.97800000     8.4  0.0    -4.6  0.0 0.0
 SCNC  105.88200000  30.97900000     0.2  0.5    -0.8  0.5 0.0
 H051  102.77500000  30.99200000     1.1  1.1    -1.9  1.0 0.0
 SCXJ  102.37200000  31.00000000     0.8  0.9    -3.7  0.8 0.0
 H050  103.14500000  31.00800000     2.5  1.4    -2.2  0.6 0.0
 ZHJI  104.55000000  31.01000000     1.0  1.0    -1.4  1.0 0.0
 QIME  101.19000000  31.02000000     7.4  1.1    -2.9  1.1 0.0
 H321   99.57800000  31.03800000    12.0  0.4    -4.0  0.2 0.0
 H049  103.69200000  31.06000000     1.3  3.0    -3.5  1.0 0.0
 XZCD   97.17400000  31.13500000    15.0  0.0     1.6  0.0 0.0
 H062  100.92900000  31.14300000     9.2  0.7    -4.8  0.5 0.0
 H048  104.44100000  31.15700000     1.3  1.0    -1.8  1.0 0.0
 J010   97.16900000  31.16200000    15.0  0.2     1.2  0.3 0.0
 H311   98.80800000  31.20800000    14.1  0.4    -1.3  0.3 0.0
 H054  100.75000000  31.29700000     9.8  0.3    -4.3  0.3 0.0
 J410  101.17100000  31.30600000     8.1  0.7    -1.0  0.4 0.0
 H057  100.24100000  31.32000000    13.8  0.6    -6.0  0.3 0.0
 H044  104.18700000  31.35300000    -0.0  1.0    -2.7  1.0 0.0
 J426   97.78200000  31.37000000    14.5  0.4     0.4  0.4 0.0
 SCLH  100.67200000  31.38800000    10.4  0.0    -3.6  0.0 0.0
 NR09  103.17000000  31.45000000     0.7  1.2    -3.3  1.2 0.0
 H047  102.09600000  31.46600000     3.9  0.5    -1.9  0.8 0.0
 H045  103.61200000  31.47400000     3.2  0.9    -2.0  0.7 0.0
 H043  104.78200000  31.48600000    -1.4  0.4    -1.0  0.3 0.0
 J390   96.40600000  31.49500000    15.5  0.2     2.7  0.3 0.0
 J402   98.23000000  31.51400000    14.5  0.6     0.2  0.4 0.0
 SCGZ  100.01900000  31.61000000    12.8  0.0    -2.5  0.0 0.0
 H182  100.00600000  31.61800000    13.2  0.3    -2.7  0.4 0.0
 H056  100.29700000  31.64600000    11.2  0.6    -3.0  0.5 0.0
 HB16   99.70000000  31.69400000    13.3  0.5    -0.9  0.6 0.0
 JB34  102.30600000  31.70600000     4.2  0.7    -0.6  0.6 0.0
 F365  105.13700000  31.76700000    -0.5  0.3     0.5  0.3 0.0
 DS11   98.56000000  31.77000000    16.6  3.0    -3.9  1.5 0.0
 H040  101.61500000  31.77000000     8.2  0.3    -0.6  0.7 0.0
 H035  104.44400000  31.80200000     2.7  1.2    -0.7  1.2 0.0
 H046  102.67000000  31.85000000     4.0  0.7    -2.8  0.6 0.0
 H039  100.72800000  31.86200000     7.8  1.2    -0.7  1.8 0.0
 HB02  100.72700000  31.86900000     9.3  0.3     0.6  0.3 0.0
 J421   98.59200000  31.87100000    15.4  0.4     0.0  0.3 0.0
 J009   99.19300000  31.93800000    14.5  0.4    -0.5  0.2 0.0
 H012  105.45700000  32.01800000    -0.3  0.2     0.3  0.4 0.0
 H037  103.16600000  32.07500000     3.6  0.7    -3.0  0.6 0.0
 H033  104.83200000  32.18200000     2.0  1.1    -1.6  0.6 0.0
 Y226   96.50000000  32.27000000    17.7  1.7     5.1  1.9 0.0
 H042  100.33400000  32.27500000    10.5  0.3     1.2  0.3 0.0
 H041  101.07000000  32.31900000     9.6  0.3     0.6  0.3 0.0
 H034  103.73200000  32.36200000     3.1  1.3    -2.5  0.8 0.0
 J403   98.62100000  32.37700000    12.8  0.3     1.9  0.4 0.0
 H032  104.57100000  32.40500000     0.7  1.7    -1.6  0.6 0.0
 SCGU  105.90000000  32.42500000    -0.8  0.5    -1.0  0.5 0.0
 SCGY  105.90000000  32.42500000    -0.1  0.5     0.1  0.5 0.0
 H011  105.83000000  32.44800000    -0.9  0.2     0.7  0.4 0.0
 H010  105.22600000  32.57100000     2.1  1.2    -1.1  0.8 0.0
 H030  103.61300000  32.59100000     6.1  0.4    -2.4  0.4 0.0
 SCSP  103.58200000  32.64800000     6.2  0.0    -1.2  0.0 0.0
 J408   99.68000000  32.72000000    11.4  0.2     1.9  0.3 0.0
 J392   96.63300000  32.74200000    16.2  0.6     4.8  0.4 0.0
 H031  102.50100000  32.78600000     8.1  0.4    -0.9  0.5 0.0
 EP03  105.43800000  32.80700000     0.5  0.5    -0.4  0.7 0.0
 WP04  103.56300000  32.83900000     6.1  0.7    -1.6  0.6 0.0
 H028  101.70600000  32.90200000    10.1  0.3     1.1  0.2 0.0
 H025  103.43500000  32.93100000     6.0  0.3    -0.6  0.3 0.0
 QHBM  100.74100000  32.93200000     9.1  0.0     2.9  0.0 0.0
 JB49   96.98800000  32.99700000    14.8  0.4     4.6  0.6 0.0
 H022  104.62500000  33.00100000     1.3  0.4     0.2  0.4 0.0
 QHYS   97.01500000  33.01000000    13.2  0.0     5.4  0.0 0.0
 J420   98.32300000  33.05300000    13.8  0.2     4.2  0.6 0.0
 DS40   98.20000000  33.06000000    13.3  1.2     4.5  1.0 0.0
 J397   97.28800000  33.06000000    12.3  0.6     5.6  0.4 0.0
 H029  100.59500000  33.09300000     9.0  0.3     2.6  0.5 0.0
 J419  105.34600000  33.19700000     0.6  0.2     0.2  0.2 0.0
 H024  104.22600000  33.22800000     6.1  1.2    -4.4  1.7 0.0
 WP06  104.73700000  33.24100000     0.4  0.6    -0.0  0.5 0.0
 JB33  103.88900000  33.27600000     6.3  0.6     2.8  0.6 0.0
 Y225  100.51000000  33.37000000     9.6  0.9     3.7  0.9 0.0
 GSWD  104.81500000  33.42300000     1.2  0.5     0.4  0.5 0.0
 H021  104.82400000  33.42300000     2.1  0.4     0.1  0.3 0.0
 H027  101.48200000  33.42900000     8.0  0.3     1.1  0.3 0.0
 H305  105.10800000  33.47800000     1.1  0.3     0.1  0.3 0.0
 H026  102.99100000  33.57100000     6.1  0.2     1.3  0.3 0.0
 WP08  104.49900000  33.63100000     2.4  0.7    -0.0  0.5 0.0
 EP04  105.69800000  33.66800000     0.1  0.3    -0.6  0.4 0.0
 H005  105.59500000  33.69700000    -0.3  0.3     0.1  0.2 0.0
 J396   97.17600000  33.71200000    13.6  0.2     6.5  0.3 0.0
 H006  105.28500000  33.78100000     0.5  0.3     1.3  0.6 0.0
 H019  104.40100000  33.78700000     2.4  0.4     1.0  0.4 0.0
 J006   99.68800000  33.80400000    10.4  0.4     4.3  0.3 0.0
 H002  105.81400000  33.89100000     1.2  0.7    -1.8  0.7 0.0
 DS39   97.27000000  33.90000000    12.9  1.2     4.6  1.1 0.0
 H020  103.72700000  33.93700000     3.6  0.2     1.8  0.2 0.0
 Y222   99.66000000  33.96000000    10.1  0.9     3.8  0.9 0.0
